4 0.4879807692307692 0.3004807692307692 0.07692307692307693 0.08173076923076923
3 0.48197115384615385 0.3401442307692308 0.06009615384615385 0.06009615384615385
4 0.7175480769230769 0.3557692307692308 0.03365384615384615 0.057692307692307696
4 0.9555288461538461 0.3918269230769231 0.06009615384615385 0.057692307692307696
4 0.34134615384615385 0.3942307692307692 0.04326923076923077 0.06971153846153846
4 0.44711538461538464 0.4110576923076923 0.021634615384615384 0.038461538461538464
4 0.5889423076923077 0.43149038461538464 0.028846153846153848 0.04326923076923077
6 0.7151442307692307 0.5048076923076923 0.07211538461538461 0.19471153846153846
6 0.34615384615384615 0.5540865384615384 0.08173076923076923 0.22596153846153846
6 0.5889423076923077 0.5576923076923077 0.06009615384615385 0.15865384615384615
3 0.6778846153846154 0.6021634615384616 0.019230769230769232 0.06009615384615385
2 0.7524038461538461 0.6057692307692307 0.01201923076923077 0.052884615384615384
6 0.71875 0.6153846153846154 0.10817307692307693 0.4254807692307692
6 0.59375 0.6177884615384616 0.07692307692307693 0.2932692307692308
6 0.9447115384615384 0.6262019230769231 0.10576923076923077 0.3004807692307692
6 0.47115384615384615 0.6286057692307693 0.14182692307692307 0.39903846153846156
2 0.30288461538461536 0.6454326923076923 0.014423076923076924 0.04807692307692308
6 0.34615384615384615 0.6706730769230769 0.09615384615384616 0.4567307692307692
6 0.4879807692307692 0.703125 0.19230769230769232 0.59375
6 0.9314903846153846 0.7379807692307693 0.13221153846153846 0.5240384615384616
2 0.8942307692307693 0.7692307692307693 0.021634615384615384 0.052884615384615384