4 0.46033653846153844 0.328125 0.06490384615384616 0.07451923076923077
3 0.4567307692307692 0.3629807692307692 0.057692307692307696 0.06009615384615385
4 0.6911057692307693 0.3798076923076923 0.03365384615384615 0.04807692307692308
4 0.3137019230769231 0.4266826923076923 0.040865384615384616 0.07451923076923077
4 0.9194711538461539 0.43028846153846156 0.06009615384615385 0.06490384615384616
4 0.41947115384615385 0.44350961538461536 0.026442307692307692 0.052884615384615384
4 0.5600961538461539 0.4519230769230769 0.03365384615384615 0.03125
6 0.6899038461538461 0.5240384615384616 0.07211538461538461 0.18509615384615385
6 0.5625 0.5733173076923077 0.0625 0.15865384615384615
6 0.3173076923076923 0.5805288461538461 0.08413461538461539 0.23076923076923078
6 0.9170673076923077 0.6622596153846154 0.11778846153846154 0.2980769230769231
6 0.44591346153846156 0.6634615384615384 0.14903846153846154 0.41586538461538464
2 0.2692307692307692 0.6742788461538461 0.019230769230769232 0.04567307692307692
2 0.9759615384615384 0.7908653846153846 0.014423076923076924 0.036057692307692304
2 0.8617788461538461 0.8004807692307693 0.021634615384615384 0.038461538461538464