4 0.4855769230769231 0.13942307692307693 0.06971153846153846 0.09615384615384616
4 0.07932692307692307 0.18990384615384615 0.06009615384615385 0.09615384615384616
4 0.21754807692307693 0.2644230769230769 0.05048076923076923 0.10096153846153846
4 0.6670673076923077 0.27163461538461536 0.07932692307692307 0.10817307692307693
4 0.34975961538461536 0.2800480769230769 0.057692307692307696 0.08653846153846154
6 0.0829326923076923 0.390625 0.11538461538461539 0.2764423076923077
6 0.016826923076923076 0.40384615384615385 0.03365384615384615 0.13942307692307693
6 0.4831730769230769 0.421875 0.12980769230769232 0.34134615384615385
6 0.22956730769230768 0.4230769230769231 0.0985576923076923 0.2403846153846154
6 0.14302884615384615 0.43028846153846156 0.038461538461538464 0.15865384615384615
6 0.421875 0.47475961538461536 0.026442307692307692 0.1201923076923077
6 0.30288461538461536 0.48677884615384615 0.019230769230769232 0.14182692307692307
6 0.2764423076923077 0.49399038461538464 0.028846153846153848 0.10576923076923077
6 0.53125 0.4963942307692308 0.04807692307692308 0.20673076923076922
6 0.38341346153846156 0.5024038461538461 0.05048076923076923 0.16346153846153846
6 0.1778846153846154 0.5036057692307693 0.019230769230769232 0.08653846153846154
2 0.013221153846153846 0.5036057692307693 0.02403846153846154 0.04807692307692308
6 0.3425480769230769 0.5048076923076923 0.10576923076923077 0.28365384615384615
2 0.13341346153846154 0.515625 0.019230769230769232 0.04326923076923077
6 0.08052884615384616 0.5360576923076923 0.16105769230769232 0.5673076923076923
6 0.23076923076923078 0.5600961538461539 0.11778846153846154 0.5096153846153846
2 0.41586538461538464 0.5877403846153846 0.019230769230769232 0.08413461538461539
6 0.6454326923076923 0.6021634615384616 0.2283653846153846 0.7908653846153846
6 0.65625 0.6177884615384616 0.16105769230769232 0.46634615384615385
6 0.3449519230769231 0.6213942307692307 0.12259615384615384 0.5216346153846154
6 0.47115384615384615 0.6201923076923077 0.16346153846153846 0.7548076923076923
6 0.5504807692307693 0.6778846153846154 0.055288461538461536 0.25721153846153844
6 0.7295673076923077 0.7463942307692307 0.0673076923076923 0.20673076923076922