4 0.17067307692307693 0.14903846153846154 0.0625 0.09134615384615384
4 0.47596153846153844 0.2283653846153846 0.04807692307692308 0.0889423076923077
4 0.3173076923076923 0.2512019230769231 0.04807692307692308 0.07211538461538461
4 0.5348557692307693 0.2608173076923077 0.038461538461538464 0.0625
4 0.39783653846153844 0.2668269230769231 0.03365384615384615 0.052884615384615384
4 0.6069711538461539 0.2932692307692308 0.038461538461538464 0.09134615384615384
6 0.15865384615384615 0.37740384615384615 0.10336538461538461 0.28846153846153844
4 0.7824519230769231 0.3942307692307692 0.06009615384615385 0.0625
6 0.5420673076923077 0.39903846153846156 0.04807692307692308 0.1875
6 0.39663461538461536 0.40384615384615385 0.0625 0.18990384615384615
6 0.4735576923076923 0.41225961538461536 0.09375 0.25240384615384615
3 0.765625 0.41346153846153844 0.02403846153846154 0.038461538461538464
6 0.5985576923076923 0.4326923076923077 0.08173076923076923 0.23557692307692307
6 0.31490384615384615 0.453125 0.09375 0.2644230769230769
2 0.21995192307692307 0.5204326923076923 0.016826923076923076 0.07211538461538461
2 0.4206730769230769 0.5204326923076923 0.019230769230769232 0.04326923076923077
2 0.11538461538461539 0.5432692307692307 0.028846153846153848 0.08173076923076923
6 0.6526442307692307 0.5733173076923077 0.14903846153846154 0.3942307692307692
2 0.26322115384615385 0.5745192307692307 0.019230769230769232 0.038461538461538464
2 0.3605769230769231 0.578125 0.026442307692307692 0.036057692307692304
6 0.7692307692307693 0.5829326923076923 0.10576923076923077 0.2692307692307692
2 0.8028846153846154 0.7175480769230769 0.021634615384615384 0.04326923076923077