4 0.078125 0.17067307692307693 0.052884615384615384 0.10096153846153846
4 0.2247596153846154 0.23317307692307693 0.055288461538461536 0.11057692307692307
4 0.6899038461538461 0.2403846153846154 0.0889423076923077 0.11778846153846154
4 0.3545673076923077 0.2620192307692308 0.06009615384615385 0.08653846153846154
6 0.016826923076923076 0.40024038461538464 0.026442307692307692 0.1466346153846154
6 0.23317307692307693 0.4050480769230769 0.10096153846153846 0.24278846153846154
6 0.49278846153846156 0.40625 0.1346153846153846 0.3389423076923077
6 0.14783653846153846 0.4098557692307692 0.04326923076923077 0.15865384615384615
6 0.4326923076923077 0.4495192307692308 0.036057692307692304 0.14423076923076922
6 0.18389423076923078 0.46033653846153844 0.021634615384615384 0.08653846153846154
6 0.31009615384615385 0.4675480769230769 0.026442307692307692 0.14903846153846154
6 0.28125 0.4699519230769231 0.036057692307692304 0.11538461538461539
6 0.5372596153846154 0.48197115384615385 0.06490384615384616 0.1971153846153846
2 0.01201923076923077 0.4855769230769231 0.019230769230769232 0.052884615384615384
6 0.35336538461538464 0.4879807692307692 0.10817307692307693 0.2980769230769231
6 0.38822115384615385 0.4879807692307692 0.0625 0.17067307692307693
2 0.1346153846153846 0.5060096153846154 0.019230769230769232 0.06009615384615385
6 0.06971153846153846 0.5252403846153846 0.13221153846153846 0.5745192307692307
6 0.23677884615384615 0.546875 0.11778846153846154 0.5384615384615384
2 0.42908653846153844 0.5649038461538461 0.019230769230769232 0.09134615384615384
6 0.6658653846153846 0.6045673076923077 0.2091346153846154 0.46634615384615385
6 0.35336538461538464 0.6117788461538461 0.125 0.5384615384615384
6 0.4879807692307692 0.6177884615384616 0.16346153846153846 0.7620192307692307
6 0.5757211538461539 0.6538461538461539 0.0673076923076923 0.2403846153846154
6 0.6574519230769231 0.6850961538461539 0.24278846153846154 0.625
6 0.7536057692307693 0.7151442307692307 0.06971153846153846 0.20192307692307693
4 0.49399038461538464 0.1141826923076923 0.06971153846153846 0.0985576923076923