3 0.6382211538461539 0.26802884615384615 0.03365384615384615 0.04567307692307692
4 0.7319711538461539 0.375 0.04326923076923077 0.04567307692307692
4 0.2548076923076923 0.38461538461538464 0.040865384615384616 0.036057692307692304
4 0.36899038461538464 0.3954326923076923 0.02403846153846154 0.038461538461538464
4 0.5637019230769231 0.39903846153846156 0.02403846153846154 0.04326923076923077
6 0.4483173076923077 0.40384615384615385 0.10096153846153846 0.3581730769230769
6 0.6394230769230769 0.4795673076923077 0.10576923076923077 0.28365384615384615
6 0.3737980769230769 0.5012019230769231 0.052884615384615384 0.15384615384615385
6 0.5649038461538461 0.5024038461538461 0.026442307692307692 0.1346153846153846
6 0.25 0.5132211538461539 0.057692307692307696 0.15865384615384615
6 0.37740384615384615 0.5300480769230769 0.03125 0.0985576923076923
6 0.25721153846153844 0.5372596153846154 0.040865384615384616 0.09615384615384616
6 0.3786057692307692 0.5733173076923077 0.03365384615384615 0.30528846153846156
6 0.2512019230769231 0.5829326923076923 0.0985576923076923 0.32211538461538464
2 0.6105769230769231 0.5853365384615384 0.03365384615384615 0.06009615384615385
6 0.47475961538461536 0.6105769230769231 0.20432692307692307 0.7740384615384616
6 0.6466346153846154 0.6454326923076923 0.14903846153846154 0.6081730769230769