4 0.7463942307692307 0.15504807692307693 0.06971153846153846 0.10576923076923077
4 0.359375 0.24158653846153846 0.0673076923076923 0.13942307692307693
4 0.5384615384615384 0.2980769230769231 0.06009615384615385 0.125
6 0.16947115384615385 0.4110576923076923 0.1466346153846154 0.3942307692307692
6 0.34375 0.4411057692307692 0.12740384615384615 0.27163461538461536
6 0.0733173076923077 0.4567307692307692 0.07692307692307693 0.18028846153846154
6 0.7367788461538461 0.4579326923076923 0.1346153846153846 0.36778846153846156
6 0.23918269230769232 0.4735576923076923 0.038461538461538464 0.18028846153846154
6 0.6490384615384616 0.4987980769230769 0.055288461538461536 0.14903846153846154
6 0.40384615384615385 0.5144230769230769 0.03365384615384615 0.1346153846153846
6 0.2776442307692308 0.5168269230769231 0.028846153846153848 0.15865384615384615
6 0.796875 0.5252403846153846 0.05048076923076923 0.20673076923076922
6 0.4543269230769231 0.5360576923076923 0.04326923076923077 0.17307692307692307
6 0.5180288461538461 0.5360576923076923 0.13221153846153846 0.3245192307692308
6 0.5673076923076923 0.5360576923076923 0.052884615384615384 0.20432692307692307
2 0.07091346153846154 0.5697115384615384 0.028846153846153848 0.06971153846153846
2 0.23317307692307693 0.5745192307692307 0.01201923076923077 0.06490384615384616
6 0.15504807692307693 0.6033653846153846 0.17067307692307693 0.7788461538461539
6 0.3401442307692308 0.6045673076923077 0.15384615384615385 0.6153846153846154
2 0.6394230769230769 0.6165865384615384 0.026442307692307692 0.10096153846153846
6 0.7139423076923077 0.6310096153846154 0.18028846153846154 0.71875
2 0.7788461538461539 0.6502403846153846 0.03365384615384615 0.11057692307692307
6 0.9567307692307693 0.6550480769230769 0.08173076923076923 0.4543269230769231
6 0.5168269230769231 0.6586538461538461 0.15144230769230768 0.5769230769230769
6 0.8942307692307693 0.734375 0.07932692307692307 0.23557692307692307
4 0.18629807692307693 0.13581730769230768 0.07932692307692307 0.15384615384615385