6 0.18870192307692307 0.25240384615384615 0.08173076923076923 0.16105769230769232
4 0.4639423076923077 0.25961538461538464 0.057692307692307696 0.12980769230769232
4 0.6201923076923077 0.2668269230769231 0.055288461538461536 0.10576923076923077
6 0.2764423076923077 0.34615384615384615 0.10336538461538461 0.24278846153846154
6 0.5853365384615384 0.38100961538461536 0.08653846153846154 0.15384615384615385
6 0.43509615384615385 0.4254807692307692 0.10096153846153846 0.28846153846153844
6 0.3858173076923077 0.4483173076923077 0.06490384615384616 0.14423076923076922
4 0.5180288461538461 0.5384615384615384 0.11298076923076923 0.14903846153846154
4 0.3233173076923077 0.6322115384615384 0.11778846153846154 0.20432692307692307
6 0.43990384615384615 0.6430288461538461 0.11298076923076923 0.20432692307692307
6 0.5901442307692307 0.8028846153846154 0.15865384615384615 0.3942307692307692
6 0.29447115384615385 0.828125 0.19230769230769232 0.33653846153846156
6 0.18870192307692307 0.8581730769230769 0.18028846153846154 0.27884615384615385
6 0.5384615384615384 0.8990384615384616 0.09375 0.18509615384615385
2 0.4326923076923077 0.9122596153846154 0.0985576923076923 0.10817307692307693
6 0.4050480769230769 0.9110576923076923 0.0889423076923077 0.17307692307692307
4 0.25240384615384615 0.1310096153846154 0.07211538461538461 0.07932692307692307