4 0.21514423076923078 0.28365384615384615 0.040865384615384616 0.04807692307692308
4 0.8617788461538461 0.3317307692307692 0.03125 0.04326923076923077
4 0.14543269230769232 0.3389423076923077 0.03125 0.04807692307692308
4 0.44591346153846156 0.35336538461538464 0.021634615384615384 0.02403846153846154
2 0.44591346153846156 0.3701923076923077 0.016826923076923076 0.016826923076923076
4 0.5973557692307693 0.38221153846153844 0.019230769230769232 0.016826923076923076
4 0.7451923076923077 0.3870192307692308 0.02403846153846154 0.036057692307692304
6 0.21153846153846154 0.43509615384615385 0.06971153846153846 0.19471153846153846
6 0.14302884615384615 0.45072115384615385 0.052884615384615384 0.1778846153846154
6 0.4495192307692308 0.4543269230769231 0.04567307692307692 0.12259615384615384
6 0.021634615384615384 0.45913461538461536 0.02403846153846154 0.09615384615384616
6 0.25 0.46033653846153844 0.03365384615384615 0.10096153846153846
6 0.8461538461538461 0.46274038461538464 0.06971153846153846 0.15384615384615385
6 0.1141826923076923 0.46634615384615385 0.019230769230769232 0.0889423076923077
6 0.7391826923076923 0.4735576923076923 0.05048076923076923 0.13701923076923078
6 0.5973557692307693 0.47475961538461536 0.04326923076923077 0.1201923076923077
6 0.7067307692307693 0.47716346153846156 0.026442307692307692 0.06009615384615385
6 0.8317307692307693 0.47836538461538464 0.03365384615384615 0.08413461538461539
6 0.5745192307692307 0.4795673076923077 0.026442307692307692 0.07932692307692307
6 0.7680288461538461 0.4855769230769231 0.026442307692307692 0.06009615384615385
6 0.6213942307692307 0.49399038461538464 0.016826923076923076 0.0673076923076923
2 0.7776442307692307 0.5084134615384616 0.007211538461538462 0.02403846153846154
2 0.24519230769230768 0.5132211538461539 0.016826923076923076 0.036057692307692304
6 0.4519230769230769 0.4519230769230769 0.06490384615384616 0.12980769230769232
2 0.17427884615384615 0.5192307692307693 0.01201923076923077 0.04807692307692308
2 0.8425480769230769 0.5228365384615384 0.016826923076923076 0.028846153846153848
6 0.5949519230769231 0.47475961538461536 0.06009615384615385 0.11538461538461539
6 0.7451923076923077 0.46634615384615385 0.057692307692307696 0.16105769230769232
6 0.14543269230769232 0.46153846153846156 0.05048076923076923 0.1875
6 0.21394230769230768 0.4362980769230769 0.09134615384615384 0.20673076923076922
6 0.8545673076923077 0.46153846153846156 0.09134615384615384 0.16826923076923078
0 0.8725961538461539 0.7175480769230769 0.02403846153846154 0.03365384615384615
0 0.8197115384615384 0.6826923076923077 0.026442307692307692 0.04326923076923077
0 0.7307692307692307 0.6610576923076923 0.03125 0.028846153846153848
0 0.5973557692307693 0.6322115384615384 0.019230769230769232 0.026442307692307692
0 0.5793269230769231 0.6141826923076923 0.021634615384615384 0.016826923076923076
0 0.4326923076923077 0.6213942307692307 0.021634615384615384 0.03365384615384615
0 0.22355769230769232 0.7115384615384616 0.028846153846153848 0.036057692307692304
0 0.17548076923076922 0.7211538461538461 0.03125 0.036057692307692304
0 0.14423076923076922 0.6814903846153846 0.019230769230769232 0.028846153846153848