2 0.32091346153846156 0.29086538461538464 0.016826923076923076 0.036057692307692304
4 0.43028846153846156 0.34134615384615385 0.05048076923076923 0.04807692307692308
4 0.25240384615384615 0.35336538461538464 0.036057692307692304 0.038461538461538464
6 0.30408653846153844 0.3545673076923077 0.04567307692307692 0.11298076923076923
3 0.42788461538461536 0.3629807692307692 0.038461538461538464 0.04326923076923077
2 0.6274038461538461 0.36899038461538464 0.014423076923076924 0.04807692307692308
4 0.49278846153846156 0.38221153846153844 0.02403846153846154 0.038461538461538464
2 0.5793269230769231 0.3894230769230769 0.009615384615384616 0.026442307692307692
6 0.20793269230769232 0.40024038461538464 0.038461538461538464 0.07692307692307693
2 0.7295673076923077 0.40865384615384615 0.026442307692307692 0.04326923076923077
2 0.5048076923076923 0.41225961538461536 0.01201923076923077 0.019230769230769232
4 0.3449519230769231 0.41346153846153844 0.021634615384615384 0.026442307692307692
6 0.5853365384615384 0.4206730769230769 0.02403846153846154 0.0625
4 0.6598557692307693 0.4254807692307692 0.04567307692307692 0.038461538461538464
6 0.6225961538461539 0.4338942307692308 0.028846153846153848 0.07692307692307693
6 0.5168269230769231 0.43990384615384615 0.03365384615384615 0.057692307692307696
6 0.7043269230769231 0.4519230769230769 0.04326923076923077 0.07692307692307693
6 0.2536057692307692 0.4543269230769231 0.06009615384615385 0.15384615384615385
6 0.5588942307692307 0.46153846153846156 0.052884615384615384 0.1346153846153846
6 0.3161057692307692 0.4699519230769231 0.02403846153846154 0.036057692307692304
6 0.3605769230769231 0.47836538461538464 0.028846153846153848 0.03365384615384615
6 0.3473557692307692 0.5012019230769231 0.038461538461538464 0.10576923076923077
6 0.2620192307692308 0.5144230769230769 0.14423076923076922 0.47836538461538464
6 0.4230769230769231 0.5324519230769231 0.09375 0.2620192307692308
6 0.5480769230769231 0.5384615384615384 0.0985576923076923 0.38461538461538464
6 0.6526442307692307 0.546875 0.0673076923076923 0.16346153846153846
6 0.3449519230769231 0.5552884615384616 0.055288461538461536 0.24278846153846154
6 0.6802884615384616 0.5949519230769231 0.1346153846153846 0.40865384615384615
6 0.4170673076923077 0.671875 0.1346153846153846 0.5120192307692307