4 0.4699519230769231 0.3629807692307692 0.055288461538461536 0.055288461538461536
4 0.6454326923076923 0.390625 0.03125 0.052884615384615384
3 0.4675480769230769 0.3918269230769231 0.055288461538461536 0.04807692307692308
4 0.3161057692307692 0.4206730769230769 0.036057692307692304 0.07211538461538461
4 0.4098557692307692 0.4387019230769231 0.028846153846153848 0.052884615384615384
4 0.8317307692307693 0.44711538461538464 0.03365384615384615 0.052884615384615384
4 0.5336538461538461 0.45913461538461536 0.021634615384615384 0.038461538461538464
6 0.6382211538461539 0.5180288461538461 0.057692307692307696 0.17307692307692307
6 0.609375 0.5480769230769231 0.026442307692307692 0.0985576923076923
6 0.6730769230769231 0.5504807692307693 0.02403846153846154 0.07932692307692307
6 0.3173076923076923 0.5564903846153846 0.07211538461538461 0.19951923076923078
6 0.5360576923076923 0.5564903846153846 0.03365384615384615 0.11298076923076923
6 0.3798076923076923 0.5709134615384616 0.014423076923076924 0.10576923076923077
6 0.5540865384615384 0.5745192307692307 0.019230769230769232 0.08173076923076923
6 0.27403846153846156 0.5805288461538461 0.019230769230769232 0.10576923076923077
6 0.3545673076923077 0.5841346153846154 0.026442307692307692 0.11057692307692307
2 0.6730769230769231 0.6033653846153846 0.01201923076923077 0.04326923076923077
2 0.6069711538461539 0.6141826923076923 0.019230769230769232 0.0673076923076923
6 0.4567307692307692 0.6177884615384616 0.11298076923076923 0.31971153846153844
6 0.6382211538461539 0.6262019230769231 0.08173076923076923 0.3629807692307692
6 0.8293269230769231 0.6358173076923077 0.08653846153846154 0.24278846153846154
2 0.2704326923076923 0.6454326923076923 0.016826923076923076 0.057692307692307696
2 0.3557692307692308 0.6526442307692307 0.014423076923076924 0.03365384615384615
6 0.32091346153846156 0.6550480769230769 0.08653846153846154 0.3894230769230769
6 0.7848557692307693 0.671875 0.03125 0.15865384615384615
6 0.8786057692307693 0.6742788461538461 0.026442307692307692 0.10817307692307693
6 0.46634615384615385 0.7283653846153846 0.16826923076923078 0.5384615384615384
6 0.8257211538461539 0.7331730769230769 0.1201923076923077 0.4567307692307692
2 0.8798076923076923 0.7463942307692307 0.01201923076923077 0.038461538461538464
2 0.7920673076923077 0.7560096153846154 0.019230769230769232 0.052884615384615384