4 0.07692307692307693 0.16826923076923078 0.06009615384615385 0.09134615384615384
4 0.22355769230769232 0.23557692307692307 0.052884615384615384 0.10817307692307693
4 0.6875 0.2403846153846154 0.07932692307692307 0.11057692307692307
4 0.3545673076923077 0.25600961538461536 0.057692307692307696 0.07932692307692307
6 0.07932692307692307 0.3798076923076923 0.11298076923076923 0.2932692307692308
6 0.4963942307692308 0.39663461538461536 0.11778846153846154 0.31490384615384615
6 0.23197115384615385 0.40024038461538464 0.0985576923076923 0.2403846153846154
6 0.01201923076923077 0.4074519230769231 0.016826923076923076 0.14182692307692307
6 0.14302884615384615 0.4182692307692308 0.04567307692307692 0.1346153846153846
6 0.4338942307692308 0.4567307692307692 0.028846153846153848 0.11538461538461539
6 0.2800480769230769 0.46634615384615385 0.02403846153846154 0.09134615384615384
6 0.30649038461538464 0.4699519230769231 0.021634615384615384 0.1346153846153846
6 0.1814903846153846 0.4723557692307692 0.016826923076923076 0.07451923076923077
6 0.35336538461538464 0.4735576923076923 0.10576923076923077 0.2980769230769231
6 0.38822115384615385 0.47475961538461536 0.06009615384615385 0.1778846153846154
6 0.5360576923076923 0.49158653846153844 0.0673076923076923 0.1971153846153846
2 0.01201923076923077 0.4951923076923077 0.02403846153846154 0.04807692307692308
2 0.1346153846153846 0.5 0.021634615384615384 0.052884615384615384
6 0.08533653846153846 0.5264423076923077 0.16826923076923078 0.5841346153846154
6 0.23557692307692307 0.5456730769230769 0.125 0.5144230769230769
2 0.42788461538461536 0.5733173076923077 0.02403846153846154 0.10096153846153846
6 0.6682692307692307 0.5913461538461539 0.1875 0.45913461538461536
6 0.4891826923076923 0.5973557692307693 0.16346153846153846 0.7716346153846154
6 0.35697115384615385 0.5997596153846154 0.11538461538461539 0.5600961538461539
2 0.5108173076923077 0.6237980769230769 0.03365384615384615 0.12259615384615384
6 0.5721153846153846 0.6574519230769231 0.07692307692307693 0.24759615384615385
6 0.6478365384615384 0.6790865384615384 0.23317307692307693 0.6177884615384616
6 0.7475961538461539 0.7199519230769231 0.06971153846153846 0.19951923076923078
4 0.4951923076923077 0.12139423076923077 0.07451923076923077 0.09134615384615384