4 0.08774038461538461 0.16346153846153846 0.06009615384615385 0.0889423076923077
4 0.22355769230769232 0.23798076923076922 0.05048076923076923 0.10096153846153846
4 0.34134615384615385 0.25721153846153844 0.057692307692307696 0.08173076923076923
4 0.6177884615384616 0.2668269230769231 0.08413461538461539 0.125
6 0.08774038461538461 0.3629807692307692 0.11057692307692307 0.2548076923076923
6 0.02403846153846154 0.3798076923076923 0.03365384615384615 0.1346153846153846
6 0.2283653846153846 0.3870192307692308 0.08653846153846154 0.2403846153846154
6 0.14903846153846154 0.4026442307692308 0.04326923076923077 0.1201923076923077
6 0.4651442307692308 0.40384615384615385 0.125 0.3389423076923077
6 0.1814903846153846 0.46033653846153844 0.016826923076923076 0.08653846153846154
6 0.2764423076923077 0.46033653846153844 0.026442307692307692 0.11057692307692307
6 0.29447115384615385 0.46153846153846156 0.02403846153846154 0.12740384615384615
2 0.02283653846153846 0.4699519230769231 0.019230769230769232 0.04326923076923077
6 0.49759615384615385 0.47716346153846156 0.06009615384615385 0.1971153846153846
6 0.3401442307692308 0.47836538461538464 0.10096153846153846 0.2860576923076923
6 0.36899038461538464 0.47836538461538464 0.06490384615384616 0.16826923076923078
2 0.13822115384615385 0.48197115384615385 0.016826923076923076 0.04326923076923077
6 0.08653846153846154 0.5012019230769231 0.15865384615384615 0.5336538461538461
6 0.22956730769230768 0.5228365384615384 0.11538461538461539 0.49278846153846156
2 0.40024038461538464 0.5625 0.014423076923076924 0.08173076923076923
6 0.33533653846153844 0.5913461538461539 0.11538461538461539 0.5216346153846154
6 0.4519230769230769 0.609375 0.16346153846153846 0.7475961538461539
6 0.5985576923076923 0.6213942307692307 0.18269230769230768 0.4639423076923077
6 0.5 0.6658653846153846 0.06009615384615385 0.2403846153846154
6 0.5901442307692307 0.6778846153846154 0.24278846153846154 0.6394230769230769
6 0.6730769230769231 0.7295673076923077 0.06971153846153846 0.1971153846153846
4 0.4651442307692308 0.125 0.07692307692307693 0.0889423076923077