4 0.5709134615384616 0.27884615384615385 0.16105769230769232 0.1875
3 0.5504807692307693 0.36778846153846156 0.12740384615384615 0.11538461538461539
4 0.45913461538461536 0.5144230769230769 0.05048076923076923 0.07692307692307693
2 0.43028846153846156 0.5576923076923077 0.026442307692307692 0.04326923076923077
6 0.40024038461538464 0.6021634615384616 0.06971153846153846 0.10096153846153846
6 0.08533653846153846 0.6225961538461539 0.1346153846153846 0.2980769230769231
6 0.16466346153846154 0.6466346153846154 0.06009615384615385 0.13942307692307693
6 0.42427884615384615 0.6995192307692307 0.036057692307692304 0.1466346153846154
2 0.20192307692307693 0.7055288461538461 0.019230769230769232 0.08653846153846154
6 0.10697115384615384 0.734375 0.21394230769230768 0.5264423076923077
4 0.18509615384615385 0.7536057692307693 0.040865384615384616 0.10096153846153846
6 0.5625 0.7692307692307693 0.3004807692307692 0.4495192307692308