4 0.04567307692307692 0.25240384615384615 0.09134615384615384 0.18028846153846154
4 0.24879807692307693 0.25961538461538464 0.09134615384615384 0.14903846153846154
4 0.859375 0.2692307692307692 0.0673076923076923 0.08173076923076923
4 0.5649038461538461 0.28846153846153844 0.08173076923076923 0.10576923076923077
3 0.8605769230769231 0.32211538461538464 0.057692307692307696 0.04326923076923077
4 0.38341346153846156 0.40024038461538464 0.11778846153846154 0.18990384615384615
6 0.859375 0.4675480769230769 0.13221153846153846 0.21153846153846154
6 0.08413461538461539 0.48197115384615385 0.16826923076923078 0.3245192307692308
6 0.25961538461538464 0.4831730769230769 0.14182692307692307 0.24519230769230768
6 0.5612980769230769 0.5348557692307693 0.15144230769230768 0.28846153846153844
6 0.20192307692307693 0.5492788461538461 0.08173076923076923 0.16105769230769232
6 0.8677884615384616 0.5564903846153846 0.20192307692307693 0.4110576923076923
6 0.10697115384615384 0.5877403846153846 0.11298076923076923 0.18028846153846154
6 0.29447115384615385 0.6057692307692307 0.07932692307692307 0.17067307692307693
6 0.6225961538461539 0.6298076923076923 0.07932692307692307 0.23557692307692307
6 0.4098557692307692 0.7487980769230769 0.20192307692307693 0.4230769230769231
6 0.2764423076923077 0.7560096153846154 0.1201923076923077 0.15384615384615385
6 0.44350961538461536 0.8689903846153846 0.17067307692307693 0.25721153846153844