4 0.11538461538461539 0.14783653846153846 0.23076923076923078 0.2932692307692308
4 0.9002403846153846 0.27403846153846156 0.08653846153846154 0.14423076923076922
4 0.6802884615384616 0.30528846153846156 0.0625 0.07451923076923077
4 0.41947115384615385 0.3137019230769231 0.07451923076923077 0.13701923076923078
3 0.10817307692307693 0.3245192307692308 0.2091346153846154 0.1778846153846154
4 0.5540865384615384 0.3317307692307692 0.0673076923076923 0.125
6 0.9098557692307693 0.40625 0.13942307692307693 0.16346153846153846
6 0.6754807692307693 0.43990384615384615 0.10336538461538461 0.16346153846153846
6 0.546875 0.44471153846153844 0.10576923076923077 0.14182692307692307
6 0.3870192307692308 0.46033653846153844 0.13942307692307693 0.20432692307692307
6 0.703125 0.46634615384615385 0.07451923076923077 0.13701923076923078
6 0.9495192307692307 0.4723557692307692 0.09615384615384616 0.11778846153846154
6 0.6322115384615384 0.5036057692307693 0.04567307692307692 0.11778846153846154
6 0.6814903846153846 0.5288461538461539 0.12259615384615384 0.33653846153846156
6 0.5528846153846154 0.5408653846153846 0.11298076923076923 0.3317307692307692
6 0.5228365384615384 0.5625 0.055288461538461536 0.13221153846153846
6 0.5793269230769231 0.5637019230769231 0.055288461538461536 0.14423076923076922
6 0.35697115384615385 0.5661057692307693 0.11538461538461539 0.17067307692307693
6 0.390625 0.5661057692307693 0.18028846153846154 0.38461538461538464
6 0.46274038461538464 0.5697115384615384 0.08173076923076923 0.15384615384615385
6 0.8401442307692307 0.578125 0.06971153846153846 0.1466346153846154
6 0.9158653846153846 0.5829326923076923 0.15865384615384615 0.4879807692307692
6 0.1310096153846154 0.7319711538461539 0.2620192307692308 0.53125