4 0.25841346153846156 0.2127403846153846 0.026442307692307692 0.04326923076923077
4 0.5480769230769231 0.2283653846153846 0.02403846153846154 0.04807692307692308
3 0.25721153846153844 0.234375 0.02403846153846154 0.03365384615384615
4 0.375 0.24639423076923078 0.028846153846153848 0.04567307692307692
4 0.6153846153846154 0.25600961538461536 0.026442307692307692 0.04567307692307692
4 0.4387019230769231 0.27403846153846156 0.028846153846153848 0.04807692307692308
4 0.5036057692307693 0.28846153846153844 0.021634615384615384 0.03365384615384615
6 0.5492788461538461 0.33413461538461536 0.055288461538461536 0.12740384615384615
4 0.2548076923076923 0.3425480769230769 0.0625 0.15625
6 0.5673076923076923 0.3473557692307692 0.019230769230769232 0.09134615384615384
6 0.36778846153846156 0.3485576923076923 0.040865384615384616 0.12740384615384615
6 0.43509615384615385 0.3581730769230769 0.04807692307692308 0.11538461538461539
6 0.34375 0.3581730769230769 0.02403846153846154 0.07211538461538461
6 0.5 0.375 0.04326923076923077 0.11538461538461539
6 0.5180288461538461 0.375 0.019230769230769232 0.07211538461538461
6 0.6117788461538461 0.375 0.06009615384615385 0.15384615384615385
6 0.46153846153846156 0.38221153846153844 0.014423076923076924 0.04807692307692308
6 0.47716346153846156 0.38461538461538464 0.014423076923076924 0.06009615384615385
6 0.41225961538461536 0.3870192307692308 0.01201923076923077 0.052884615384615384
2 0.5240384615384616 0.4014423076923077 0.007211538461538462 0.040865384615384616
2 0.5588942307692307 0.40384615384615385 0.009615384615384616 0.038461538461538464
6 0.5516826923076923 0.41346153846153844 0.055288461538461536 0.30528846153846156
6 0.3629807692307692 0.41346153846153844 0.06009615384615385 0.25721153846153844
6 0.43509615384615385 0.4182692307692308 0.055288461538461536 0.2548076923076923
6 0.5805288461538461 0.421875 0.016826923076923076 0.07211538461538461
6 0.6382211538461539 0.42427884615384615 0.02403846153846154 0.06490384615384616
6 0.49759615384615385 0.43028846153846156 0.055288461538461536 0.23076923076923078
6 0.2548076923076923 0.43990384615384615 0.08653846153846154 0.3389423076923077
6 0.6153846153846154 0.4519230769230769 0.06971153846153846 0.30528846153846156