6 0.8100961538461539 0.5276442307692307 0.12980769230769232 0.2403846153846154
6 0.4254807692307692 0.5240384615384616 0.14182692307692307 0.23798076923076922
6 0.26322115384615385 0.5564903846153846 0.1201923076923077 0.25240384615384615
6 0.07211538461538461 0.5252403846153846 0.11778846153846154 0.31971153846153844
4 0.7980769230769231 0.3161057692307692 0.07932692307692307 0.09375
4 0.5673076923076923 0.25961538461538464 0.07451923076923077 0.0889423076923077
4 0.41466346153846156 0.32091346153846156 0.08413461538461539 0.07932692307692307
4 0.26322115384615385 0.3425480769230769 0.08413461538461539 0.08653846153846154
4 0.1875 0.3245192307692308 0.0625 0.05048076923076923
4 0.13581730769230768 0.2608173076923077 0.055288461538461536 0.07932692307692307
4 0.07572115384615384 0.2668269230769231 0.08653846153846154 0.07211538461538461
4 0.014423076923076924 0.3401442307692308 0.028846153846153848 0.05048076923076923
4 0.010817307692307692 0.24639423076923078 0.009615384615384616 0.04567307692307692