4 0.056490384615384616 0.3629807692307692 0.06971153846153846 0.09134615384615384
4 0.8822115384615384 0.4074519230769231 0.0625 0.0673076923076923
4 0.17668269230769232 0.40865384615384615 0.0673076923076923 0.06971153846153846
4 0.3004807692307692 0.42908653846153844 0.06009615384615385 0.07211538461538461
4 0.75 0.43990384615384615 0.06009615384615385 0.052884615384615384
4 0.7115384615384616 0.4519230769230769 0.026442307692307692 0.04567307692307692
6 0.6550480769230769 0.5949519230769231 0.038461538461538464 0.15865384615384615
6 0.5396634615384616 0.6310096153846154 0.055288461538461536 0.3245192307692308
6 0.46634615384615385 0.6502403846153846 0.09375 0.36538461538461536
6 0.8774038461538461 0.6622596153846154 0.0889423076923077 0.43028846153846156
6 0.7596153846153846 0.6971153846153846 0.10817307692307693 0.4182692307692308