4 0.25240384615384615 0.140625 0.11538461538461539 0.13942307692307693
4 0.421875 0.21875 0.07451923076923077 0.11538461538461539
4 0.9362980769230769 0.2283653846153846 0.07451923076923077 0.10576923076923077
4 0.052884615384615384 0.24759615384615385 0.07211538461538461 0.09134615384615384
4 0.14182692307692307 0.24879807692307693 0.06971153846153846 0.10096153846153846
4 0.5612980769230769 0.25961538461538464 0.07211538461538461 0.10576923076923077
4 0.6466346153846154 0.25961538461538464 0.06971153846153846 0.09615384615384616
4 0.8305288461538461 0.2608173076923077 0.052884615384615384 0.09615384615384616
1 0.25240384615384615 0.2764423076923077 0.11298076923076923 0.17307692307692307
4 0.46875 0.31971153846153844 0.04807692307692308 0.11538461538461539
4 0.9771634615384616 0.3317307692307692 0.04326923076923077 0.11057692307692307
4 0.39903846153846156 0.36899038461538464 0.06971153846153846 0.10576923076923077
4 0.9146634615384616 0.3858173076923077 0.06490384615384616 0.11538461538461539
4 0.06129807692307692 0.4266826923076923 0.07692307692307693 0.10576923076923077
4 0.5612980769230769 0.4411057692307692 0.06009615384615385 0.10576923076923077
4 0.46153846153846156 0.4879807692307692 0.0673076923076923 0.10817307692307693
4 0.96875 0.4987980769230769 0.06009615384615385 0.10096153846153846
4 0.3894230769230769 0.06610576923076923 0.06971153846153846 0.09134615384615384
4 0.05889423076923077 0.6550480769230769 0.0673076923076923 0.14903846153846154
4 0.7704326923076923 0.7475961538461539 0.1466346153846154 0.2548076923076923
4 0.1622596153846154 0.07692307692307693 0.07692307692307693 0.0985576923076923
1 0.6622596153846154 0.8161057692307693 0.24759615384615385 0.30288461538461536
4 0.9026442307692307 0.08413461538461539 0.07451923076923077 0.11057692307692307
4 0.671875 0.08774038461538461 0.07451923076923077 0.11538461538461539
4 0.052884615384615384 0.09375 0.06971153846153846 0.10096153846153846