4 0.057692307692307696 0.3605769230769231 0.06971153846153846 0.0889423076923077
4 0.8786057692307693 0.40625 0.055288461538461536 0.06490384615384616
4 0.17548076923076922 0.40865384615384615 0.052884615384615384 0.0625
4 0.29927884615384615 0.43028846153846156 0.06009615384615385 0.06971153846153846
4 0.7512019230769231 0.43990384615384615 0.055288461538461536 0.055288461538461536
4 0.7151442307692307 0.44711538461538464 0.03365384615384615 0.038461538461538464
6 0.6550480769230769 0.5925480769230769 0.038461538461538464 0.16346153846153846
6 0.5396634615384616 0.6237980769230769 0.055288461538461536 0.3125
6 0.46634615384615385 0.6550480769230769 0.09134615384615384 0.35096153846153844
6 0.8774038461538461 0.6646634615384616 0.07932692307692307 0.42788461538461536
6 0.7608173076923077 0.6935096153846154 0.10096153846153846 0.4182692307692308