4 0.9555288461538461 0.14543269230769232 0.08413461538461539 0.13221153846153846
4 0.22596153846153846 0.15264423076923078 0.08653846153846154 0.11538461538461539
4 0.0985576923076923 0.16826923076923078 0.0889423076923077 0.11538461538461539
4 0.6298076923076923 0.18990384615384615 0.15144230769230768 0.18509615384615385
4 0.7824519230769231 0.23798076923076922 0.09375 0.12740384615384615
4 0.5444711538461539 0.28125 0.06490384615384616 0.10096153846153846
4 0.453125 0.29086538461538464 0.08173076923076923 0.11538461538461539
4 0.3557692307692308 0.296875 0.07692307692307693 0.13221153846153846
4 0.8509615384615384 0.3581730769230769 0.08413461538461539 0.1346153846153846
4 0.1141826923076923 0.3605769230769231 0.08413461538461539 0.10817307692307693
4 0.9519230769230769 0.3894230769230769 0.09134615384615384 0.13701923076923078
4 0.015625 0.39903846153846156 0.03125 0.14423076923076922
4 0.45913461538461536 0.5516826923076923 0.08653846153846154 0.15384615384615385
4 0.8485576923076923 0.5528846153846154 0.06490384615384616 0.10817307692307693
4 0.10096153846153846 0.5588942307692307 0.0673076923076923 0.10096153846153846
4 0.9471153846153846 0.5600961538461539 0.09134615384615384 0.13221153846153846
4 0.019230769230769232 0.5793269230769231 0.038461538461538464 0.16346153846153846
4 0.7451923076923077 0.07091346153846154 0.08653846153846154 0.12980769230769232
4 0.09134615384615384 0.8137019230769231 0.04807692307692308 0.15144230769230768
4 0.02283653846153846 0.8293269230769231 0.04567307692307692 0.1778846153846154
4 0.47596153846153844 0.08653846153846154 0.08653846153846154 0.12980769230769232
1 0.6009615384615384 0.11177884615384616 0.20673076923076922 0.22355769230769232
4 0.34375 0.11778846153846154 0.0889423076923077 0.12259615384615384