4 0.45913461538461536 0.2439903846153846 0.125 0.1778846153846154
4 0.1045673076923077 0.2932692307692308 0.0625 0.057692307692307696
4 0.6694711538461539 0.3076923076923077 0.04567307692307692 0.04807692307692308
4 0.2548076923076923 0.3581730769230769 0.03125 0.038461538461538464
4 0.53125 0.3629807692307692 0.036057692307692304 0.038461538461538464
4 0.39663461538461536 0.36538461538461536 0.03365384615384615 0.028846153846153848
6 0.3942307692307692 0.43509615384615385 0.07451923076923077 0.06971153846153846
6 0.5408653846153846 0.44591346153846156 0.07451923076923077 0.08173076923076923
6 0.2548076923076923 0.5060096153846154 0.0985576923076923 0.22355769230769232
6 0.6670673076923077 0.6213942307692307 0.11298076923076923 0.5
6 0.10697115384615384 0.6454326923076923 0.15865384615384615 0.5673076923076923