4 0.35336538461538464 0.17908653846153846 0.038461538461538464 0.04567307692307692
4 0.6790865384615384 0.19110576923076922 0.04326923076923077 0.0625
5 0.34975961538461536 0.21754807692307693 0.026442307692307692 0.040865384615384616
4 0.47836538461538464 0.22115384615384615 0.038461538461538464 0.04807692307692308
5 0.6899038461538461 0.23076923076923078 0.021634615384615384 0.052884615384615384
6 0.4675480769230769 0.3329326923076923 0.10336538461538461 0.11538461538461539
6 0.359375 0.3401442307692308 0.0985576923076923 0.22115384615384615
4 0.5 0.359375 0.04567307692307692 0.06490384615384616
6 0.6610576923076923 0.4411057692307692 0.125 0.40384615384615385
3 0.41586538461538464 0.5012019230769231 0.03365384615384615 0.06490384615384616
6 0.4723557692307692 0.6033653846153846 0.1875 0.36538461538461536